1 11
2 21
3 31
4 41
5 51
6 61
7 71
8 81
9 91
10 101
11 111
12 121
13 131
14 141
15 151
16 161
17 171
18 181
19 191
20 201
21 211
22 221
23 231
24 241
25 251
26 261
27 271
28 281
29 291
30 301
31 311
32 321
33 331
34 341
35 351
36 361
37 371
38 381
39 391
40 401
41 411
42 421
43 431
44 441
45 451
46 461
47 471
48 481
49 491
50 501
51 511
52 521
53 531
54 541
55 551
56 561
57 571
58 581
59 591
60 601
61 611
62 621
63 631
64 641
65 651
66 661
67 671
68 681
69 691
70 701
71 711
72 721
73 731
74 741
75 751
76 761
77 771
78 781
79 791
80 801
81 811
82 821
83 831
84 841
85 851
86 861
87 871
88 881
89 891
90 901
91 911
92 921
93 931
94 941
95 951
96 961
97 971
98 981
99 991
100 1001
101 1011
102 1021
103 1031
104 1041
105 1051
106 1061
107 1071
108 1081
109 1091
110 1101
111 1111
112 1121
113 1131
114 1141
115 1151
116 1161
117 1171
118 1181
119 1191
120 1201
121 1211
122 1221
123 1231
124 1241
125 1251
126 1261
127 1271
128 1281
129 1291
130 1301
131 1311
132 1321
133 1331
134 1341
135 1351
136 1361
137 1371
138 1381
139 1391
140 1401
141 1411
142 1421
143 1431
144 1441
145 1451
146 1461
147 1471
148 1481
149 1491
150 1501
151 1511
152 1521
153 1531
154 1541
155 1551
156 1561
157 1571
158 1581
159 1591
160 1601
161 1611
162 1621
163 1631
164 1641
165 1651
166 1661
167 1671
168 1681
169 1691
170 1701
171 1711
172 1721
173 1731
174 1741
175 1751
176 1761
177 1771
178 1781
179 1791
180 1801
181 1811
182 1821
183 1831
184 1841
185 1851
186 1861
187 1871
188 1881
189 1891
190 1901
191 1911
192 1921
193 1931
194 1941
195 1951
196 1961
197 1971
198 1981
199 1991
200 2001
201 2011
202 2021
203 2031
204 2041
205 2051
206 2061
207 2071
208 2081
209 2091
210 2101
211 2111
212 2121
213 2131
214 2141
215 2151
216 2161
217 2171
218 2181
219 2191
220 2201
221 2211
222 2221
223 2231
224 2241
225 2251
226 2261
227 2271
228 2281
229 2291
230 2301
231 2311
232 2321
233 2331
234 2341
235 2351
236 2361
237 2371
238 2381
239 2391
240 2401
241 2411
242 2421
243 2431
244 2441
245 2451
246 2461
247 2471
248 2481
249 2491
250 2501
251 2511
252 2521
253 2531
254 2541
255 2551
256 2561
257 2571
258 2581
259 2591
260 2601
261 2611
262 2621
263 2631
264 2641
265 2651
266 2661
267 2671
268 2681
269 2691
270 2701
271 2711
272 2721
273 2731
274 2741
275 2751
276 2761
277 2771
278 2781
279 2791
280 2801
281 2811
282 2821
283 2831
284 2841
285 2851
286 2861
287 2871
288 2881
289 2891
290 2901
291 2911
292 2921
293 2931
294 2941
295 2951
296 2961
297 2971
298 2981
299 2991
300 3001
301 3011
302 3021
303 3031
304 3041
305 3051
306 3061
307 3071
308 3081
309 3091
310 3101
311 3111
312 3121
313 3131
314 3141
315 3151
316 3161
317 3171
318 3181
319 3191
320 3201
321 3211
322 3221
323 3231
324 3241
325 3251
326 3261
327 3271
328 3281
329 3291
330 3301
331 3311
332 3321
333 3331
334 3341
335 3351
336 3361
337 3371
338 3381
339 3391
340 3401
341 3411
342 3421
343 3431
344 3441
345 3451
346 3461
347 3471
348 3481
349 3491
350 3501
351 3511
352 3521
353 3531
354 3541
355 3551
356 3561
357 3571
358 3581
359 3591
360 3601
361 3611
362 3621
363 3631
364 3641
365 3651
366 3661
367 3671
368 3681
369 3691
370 3701
371 3711
372 3721
373 3731
374 3741
375 3751
376 3761
377 3771
378 3781
379 3791
380 3801
381 3811
382 3821
383 3831
384 3841
385 3851
386 3861
387 3871
388 3881
389 3891
390 3901
391 3911
392 3921
393 3931
394 3941
395 3951
396 3961
397 3971
398 3981
399 3991
400 4001
401 4011
402 4021
403 4031
404 4041
405 4051
406 4061
407 4071
408 4081
409 4091
410 4101
411 4111
412 4121
413 4131
414 4141
415 4151
416 4161
417 4171
418 4181
419 4191
420 4201
421 4211
422 4221
423 4231
424 4241
425 4251
426 4261
427 4271
428 4281
429 4291
430 4301
431 4311
432 4321
433 4331
434 4341
435 4351
436 4361
437 4371
438 4381
439 4391
440 4401
441 4411
442 4421
443 4431
444 4441
445 4451
446 4461
447 4471
448 4481
449 4491
450 4501
451 4511
452 4521
453 4531
454 4541
455 4551
456 4561
457 4571
458 4581
459 4591
460 4601
461 4611
462 4621
463 4631
464 4641
465 4651
466 4661
467 4671
468 4681
469 4691
470 4701
471 4711
472 4721
473 4731
474 4741
475 4751
476 4761
477 4771
478 4781
479 4791
480 4801
481 4811
482 4821
483 4831
484 4841
485 4851
486 4861
487 4871
488 4881
489 4891
490 4901
491 4911
492 4921
493 4931
494 4941
495 4951
496 4961
497 4971
498 4981
499 4991
500 5001
